AA 55 29 5C 19 42 28 29 B0 36 00 00 00 00 B0 0F 21 35 00 00 00 00 B4 FE 96 36 78 58 BB 36 78 58 BB 36 06 19 C1 41 83 B4 BD 41 42 1A BC 41 33 13 C4 41 42 1A BC 41 00 00 BA 41 00 00 BA 41 07 A9 C0 41 42 DA BB 41 00 37 AD C0 66 E6 04 43 00 00 00 00 00 00 00 00 00 00 00 00 C9 26 17 42 00 00 00 00 C9 26 17 42 00 00 00 00 00 00 00 00 00 00 00 00 00 00 00 37 01 00 00 00 00 00 00 00 00 12 00 00 00 FD 89
AA 55 A4 70 19 42 28 29 B0 36 00 00 00 00 B0 0F 21 35 00 00 00 00 B4 FE 96 36 78 58 BB 36 78 58 BB 36 06 19 C1 41 07 E9 C0 41 BE E5 B8 41 33 D3 C3 41 42 DA BB 41 42 9A BB 41 7D CB B6 41 33 43 C2 41 83 74 BD 41 69 4C AD C0 66 E6 04 43 00 00 00 00 00 00 00 00 00 00 00 00 C9 26 17 42 00 00 00 00 C9 26 17 42 00 00 00 00 00 00 00 00 00 00 00 00 00 00 00 37 01 00 00 00 00 00 00 00 00 12 00 00 00 C2 68
AA 55 1E 85 19 42 28 29 B0 36 00 00 00 00 B0 0F 21 35 00 00 00 00 B4 FE 96 36 78 58 BB 36 78 58 BB 36 7E 08 C1 41 C5 4E BF 41 00 80 BA 41 07 A9 C0 41 83 74 BD 41 83 34 BD 41 BE 65 B8 41 33 83 C2 41 00 80 BA 41 69 4C AD C0 66 E6 04 43 00 00 00 00 00 00 00 00 00 00 00 00 C9 26 17 42 00 00 00 00 C9 26 17 42 00 00 00 00 00 00 00 00 00 00 00 00 00 00 00 37 01 00 00 00 00 00 00 00 00 12 00 00 00 47 C9
AA 55 99 99 19 42 28 29 B0 36 00 00 00 00 B0 0F 21 35 00 00 00 00 B4 FE 96 36 78 58 BB 36 78 58 BB 36 F6 F7 C0 41 C5 4E BF 41 BE E5 B8 41 33 D3 C3 41 C5 0E BF 41 BE 25 B8 41 7D 8B B6 41 33 43 C2 41 BE A5 B8 41 69 4C AD C0 66 E6 04 43 00 00 00 00 00 00 00 00 00 00 00 00 C9 26 17 42 00 00 00 00 C9 26 17 42 00 00 00 00 00 00 00 00 00 00 00 00 00 00 00 37 01 00 00 00 00 00 00 00 00 12 00 00 00 0E D3
AA 55 14 AE 19 42 28 29 B0 36 00 00 00 00 B0 0F 21 35 00 00 00 00 B4 FE 96 36 78 58 BB 36 78 58 BB 36 06 19 C1 41 07 E9 C0 41 00 80 BA 41 33 43 C2 41 00 40 BA 41 83 34 BD 41 7D CB B6 41 33 13 C4 41 42 1A BC 41 0F A2 AD C0 66 E6 04 43 00 00 00 00 00 00 00 00 00 00 00 00 C9 26 17 42 00 00 00 00 C9 26 17 42 00 00 00 00 00 00 00 00 00 00 00 00 00 00 00 37 01 00 00 00 00 00 00 00 00 12 00 00 00 93 16
AA 55 8F C2 19 42 28 29 B0 36 00 00 00 00 B0 0F 21 35 00 00 00 00 B4 FE 96 36 78 58 BB 36 78 58 BB 36 06 19 C1 41 07 29 C1 41 42 5A BC 41 33 43 C2 41 42 DA BB 41 00 C0 B9 41 BE 25 B8 41 33 43 C2 41 42 DA BB 41 97 21 AD C0 66 E6 04 43 00 00 00 00 00 00 00 00 00 00 00 00 C9 26 17 42 00 00 00 00 C9 26 17 42 00 00 00 00 00 00 00 00 00 00 00 00 00 00 00 37 01 00 00 00 00 00 00 00 00 12 00 00 00 96 59
AA 55 0A D7 19 42 28 29 B0 36 00 00 00 00 B0 0F 21 35 00 00 00 00 B4 FE 96 36 78 58 BB 36 78 58 BB 36 06 19 C1 41 07 E9 C0 41 00 80 BA 41 33 D3 C3 41 C5 0E BF 41 00 C0 B9 41 3B F1 B4 41 33 D3 C3 41 00 40 BA 41 00 37 AD C0 66 E6 04 43 00 00 00 00 00 00 00 00 00 00 00 00 C9 26 17 42 00 00 00 00 C9 26 17 42 00 00 00 00 00 00 00 00 00 00 00 00 00 00 00 37 01 00 00 00 00 00 00 00 00 12 00 00 00 62 7E
AA 55 85 EB 19 42 28 29 B0 36 00 00 00 00 B0 0F 21 35 00 00 00 00 B4 FE 96 36 78 58 BB 36 78 58 BB 36 7E 08 C1 41 33 13 C4 41 00 80 BA 41 07 A9 C0 41 42 DA BB 41 42 9A BB 41 BE 65 B8 41 33 83 C2 41 00 80 BA 41 3C 77 AD C0 66 E6 04 43 00 00 00 00 00 00 00 00 00 00 00 00 C9 26 17 42 00 00 00 00 C9 26 17 42 00 00 00 00 00 00 00 00 00 00 00 00 00 00 00 37 01 00 00 00 00 00 00 00 00 12 00 00 00 91 5E
AA 55 00 00 1A 42 28 29 B0 36 00 00 00 00 B0 0F 21 35 00 00 00 00 B4 FE 96 36 78 58 BB 36 78 58 BB 36 F6 F7 C0 41 C5 4E BF 41 00 80 BA 41 33 43 C2 41 00 40 BA 41 42 9A BB 41 BE 65 B8 41 33 83 C2 41 42 1A BC 41 69 4C AD C0 66 E6 04 43 00 00 00 00 00 00 00 00 00 00 00 00 C9 26 17 42 00 00 00 00 C9 26 17 42 00 00 00 00 00 00 00 00 00 00 00 00 00 00 00 37 01 00 00 00 00 00 00 00 00 12 00 00 00 18 24
AA 55 7B 14 1A 42 28 29 B0 36 00 00 00 00 B0 0F 21 35 00 00 00 00 B4 FE 96 36 78 58 BB 36 78 58 BB 36 7E 08 C1 41 83 F4 BD 41 00 C0 BA 41 33 D3 C3 41 00 40 BA 41 42 9A BB 41 BE 65 B8 41 33 43 C2 41 00 40 BA 41 00 37 AD C0 66 E6 04 43 00 00 00 00 00 00 00 00 00 00 00 00 C9 26 17 42 00 00 00 00 C9 26 17 42 00 00 00 00 00 00 00 00 00 00 00 00 00 00 00 37 01 00 00 00 00 00 00 00 00 12 00 00 00 29 3E
AA 55 F6 28 1A 42 28 29 B0 36 00 00 00 00 B0 0F 21 35 00 00 00 00 B4 FE 96 36 78 58 BB 36 78 58 BB 36 F6 F7 C0 41 C5 4E BF 41 00 80 BA 41 33 43 C2 41 42 DA BB 41 BE 65 B8 41 BE 65 B8 41 33 D3 C3 41 00 40 BA 41 3C 77 AD C0 66 E6 04 43 00 00 00 00 00 00 00 00 00 00 00 00 C9 26 17 42 00 00 00 00 C9 26 17 42 00 00 00 00 00 00 00 00 00 00 00 00 00 00 00 37 01 00 00 00 00 00 00 00 00 12 00 00 00 98 42
AA 55 70 3D 1A 42 28 29 B0 36 00 00 00 00 B0 0F 21 35 00 00 00 00 B4 FE 96 36 78 58 BB 36 78 58 BB 36 F6 F7 C0 41 07 E9 C0 41 00 80 BA 41 07 A9 C0 41 00 40 BA 41 83 F4 BC 41 7D 8B B6 41 33 D3 C3 41 42 DA BB 41 97 21 AD C0 66 E6 04 43 00 00 00 00 00 00 00 00 00 00 00 00 C9 26 17 42 00 00 00 00 C9 26 17 42 00 00 00 00 00 00 00 00 00 00 00 00 00 00 00 37 01 00 00 00 00 00 00 00 00 12 00 00 00 33 59
AA 55 EB 51 1A 42 28 29 B0 36 00 00 00 00 B0 0F 21 35 00 00 00 00 B4 FE 96 36 78 58 BB 36 78 58 BB 36 7E 08 C1 41 C5 4E BF 41 00 80 BA 41 33 83 C2 41 42 1A BC 41 42 5A BB 41 7D 8B B6 41 33 13 C4 41 42 1A BC 41 00 37 AD C0 66 E6 04 43 00 00 00 00 00 00 00 00 00 00 00 00 C9 26 17 42 00 00 00 00 C9 26 17 42 00 00 00 00 00 00 00 00 00 00 00 00 00 00 00 37 01 00 00 00 00 00 00 00 00 12 00 00 00 B2 62
AA 55 66 66 1A 42 28 29 B0 36 00 00 00 00 B0 0F 21 35 00 00 00 00 B4 FE 96 36 78 58 BB 36 78 58 BB 36 06 19 C1 41 C5 4E BF 41 00 80 BA 41 07 A9 C0 41 7D 0B B7 41 42 9A BB 41 00 00 BA 41 33 43 C2 41 BE A5 B8 41 00 37 AD C0 66 E6 04 43 00 00 00 00 00 00 00 00 00 00 00 00 C9 26 17 42 00 00 00 00 C9 26 17 42 00 00 00 00 00 00 00 00 00 00 00 00 00 00 00 37 01 00 00 00 00 00 00 00 00 12 00 00 00 EF 61
AA 55 E1 7A 1A 42 28 29 B0 36 00 00 00 00 B0 0F 21 35 00 00 00 00 B4 FE 96 36 78 58 BB 36 78 58 BB 36 7E 08 C1 41 07 29 C1 41 00 C0 BA 41 33 D3 C3 41 42 DA BB 41 42 5A BB 41 7D 8B B6 41 33 83 C2 41 42 1A BC 41 69 4C AD C0 66 E6 04 43 00 00 00 00 00 00 00 00 00 00 00 00 C9 26 17 42 00 00 00 00 C9 26 17 42 00 00 00 00 00 00 00 00 00 00 00 00 00 00 00 37 01 00 00 00 00 00 00 00 00 12 00 00 00 B5 38
AA 55 5C 8F 1A 42 28 29 B0 36 00 00 00 00 B0 0F 21 35 00 00 00 00 B4 FE 96 36 78 58 BB 36 78 58 BB 36 F6 F7 C0 41 33 C3 C2 41 00 C0 BA 41 33 43 C2 41 42 DA BB 41 BE 25 B8 41 7D 8B B6 41 33 43 C2 41 42 DA BB 41 D3 61 AD C0 66 E6 04 43 00 00 00 00 00 00 00 00 00 00 00 00 C9 26 17 42 00 00 00 00 C9 26 17 42 00 00 00 00 00 00 00 00 00 00 00 00 00 00 00 37 01 00 00 00 00 00 00 00 00 12 00 00 00 5A EC
AA 55 D7 A3 1A 42 28 29 B0 36 00 00 00 00 B0 0F 21 35 00 00 00 00 B4 FE 96 36 78 58 BB 36 78 58 BB 36 06 19 C1 41 C5 8E BF 41 00 C0 BA 41 33 43 C2 41 42 DA BB 41 00 C0 B9 41 7D 8B B6 41 33 13 C4 41 42 1A BC 41 97 21 AD C0 66 E6 04 43 00 00 00 00 00 00 00 00 00 00 00 00 C9 26 17 42 00 00 00 00 C9 26 17 42 00 00 00 00 00 00 00 00 00 00 00 00 00 00 00 37 01 00 00 00 00 00 00 00 00 12 00 00 00 3A 79
AA 55 52 B8 1A 42 28 29 B0 36 00 00 00 00 B0 0F 21 35 00 00 00 00 B4 FE 96 36 78 58 BB 36 78 58 BB 36 F6 F7 C0 41 83 B4 BD 41 BE E5 B8 41 07 A9 C0 41 C5 0E BF 41 42 5A BB 41 BE 25 B8 41 33 13 C4 41 83 B4 BD 41 00 37 AD C0 66 E6 04 43 00 00 00 00 00 00 00 00 00 00 00 00 C9 26 17 42 00 00 00 00 C9 26 17 42 00 00 00 00 00 00 00 00 00 00 00 00 00 00 00 37 01 00 00 00 00 00 00 00 00 12 00 00 00 46 47
AA 55 CD CC 1A 42 28 29 B0 36 00 00 00 00 B0 0F 21 35 00 00 00 00 B4 FE 96 36 78 58 BB 36 78 58 BB 36 06 19 C1 41 83 F4 BD 41 00 C0 BA 41 33 43 C2 41 83 74 BD 41 00 C0 B9 41 00 C0 B9 41 33 43 C2 41 42 DA BB 41 69 4C AD C0 66 E6 04 43 00 00 00 00 00 00 00 00 00 00 00 00 C9 26 17 42 00 00 00 00 C9 26 17 42 00 00 00 00 00 00 00 00 00 00 00 00 00 00 00 37 01 00 00 00 00 00 00 00 00 12 00 00 00 1E 8B
AA 55 47 E1 1A 42 28 29 B0 36 00 00 00 00 B0 0F 21 35 00 00 00 00 B4 FE 96 36 78 58 BB 36 78 58 BB 36 8E 29 C1 41 83 B4 BD 41 42 1A BC 41 07 A9 C0 41 BE A5 B8 41 00 00 BA 41 7D CB B6 41 33 83 C2 41 83 B4 BD 41 D3 61 AD C0 66 E6 04 43 00 00 00 00 00 00 00 00 00 00 00 00 C9 26 17 42 00 00 00 00 C9 26 17 42 00 00 00 00 00 00 00 00 00 00 00 00 00 00 00 37 01 00 00 00 00 00 00 00 00 12 00 00 00 06 70
AA 55 C2 F5 1A 42 28 29 B0 36 00 00 00 00 B0 0F 21 35 00 00 00 00 B4 FE 96 36 78 58 BB 36 78 58 BB 36 06 19 C1 41 C5 4E BF 41 00 80 BA 41 33 43 C2 41 42 DA BB 41 00 C0 B9 41 00 C0 B9 41 33 13 C4 41 00 80 BA 41 00 37 AD C0 66 E6 04 43 00 00 00 00 00 00 00 00 00 00 00 00 C9 26 17 42 00 00 00 00 C9 26 17 42 00 00 00 00 00 00 00 00 00 00 00 00 00 00 00 37 01 00 00 00 00 00 00 00 00 12 00 00 00 A1 BE
AA 55 3D 0A 1B 42 28 29 B0 36 00 00 00 00 B0 0F 21 35 00 00 00 00 B4 FE 96 36 78 58 BB 36 78 58 BB 36 F6 F7 C0 41 07 E9 C0 41 00 80 BA 41 33 43 C2 41 83 74 BD 41 BE 25 B8 41 83 F4 BC 41 33 43 C2 41 42 DA BB 41 69 4C AD C0 66 E6 04 43 00 00 00 00 00 00 00 00 00 00 00 00 C9 26 17 42 00 00 00 00 C9 26 17 42 00 00 00 00 00 00 00 00 00 00 00 00 00 00 00 37 01 00 00 00 00 00 00 00 00 12 00 00 00 55 D0
AA 55 B8 1E 1B 42 28 29 B0 36 00 00 00 00 B0 0F 21 35 00 00 00 00 B4 FE 96 36 78 58 BB 36 78 58 BB 36 8E 29 C1 41 07 E9 C0 41 BE E5 B8 41 33 43 C2 41 00 40 BA 41 00 00 BA 41 BE 65 B8 41 C5 4E BF 41 00 80 BA 41 69 4C AD C0 66 E6 04 43 00 00 00 00 00 00 00 00 00 00 00 00 C9 26 17 42 00 00 00 00 C9 26 17 42 00 00 00 00 00 00 00 00 00 00 00 00 00 00 00 37 01 00 00 00 00 00 00 00 00 12 00 00 00 B1 D7
AA 55 33 33 1B 42 28 29 B0 36 00 00 00 00 B0 0F 21 35 00 00 00 00 B4 FE 96 36 78 58 BB 36 78 58 BB 36 8E 29 C1 41 C5 8E BF 41 BE 25 B9 41 33 43 C2 41 42 DA BB 41 83 34 BD 41 BE 65 B8 41 33 83 C2 41 83 B4 BD 41 97 21 AD C0 66 E6 04 43 00 00 00 00 00 00 00 00 00 00 00 00 C9 26 17 42 00 00 00 00 C9 26 17 42 00 00 00 00 00 00 00 00 00 00 00 00 00 00 00 37 01 00 00 00 00 00 00 00 00 12 00 00 00 6D F2
AA 55 AE 47 1B 42 28 29 B0 36 00 00 00 00 B0 0F 21 35 00 00 00 00 B4 FE 96 36 78 58 BB 36 78 58 BB 36 6E E7 C0 41 07 29 C1 41 00 C0 BA 41 33 D3 C3 41 00 40 BA 41 00 00 BA 41 7D CB B6 41 07 E9 C0 41 42 1A BC 41 69 4C AD C0 66 E6 04 43 00 00 00 00 00 00 00 00 00 00 00 00 C9 26 17 42 00 00 00 00 C9 26 17 42 00 00 00 00 00 00 00 00 00 00 00 00 00 00 00 37 01 00 00 00 00 00 00 00 00 12 00 00 00 7A F5
AA 55 29 5C 1B 42 28 29 B0 36 00 00 00 00 B0 0F 21 35 00 00 00 00 B4 FE 96 36 78 58 BB 36 78 58 BB 36 06 19 C1 41 83 F4 BD 41 42 5A BC 41 33 D3 C3 41 83 74 BD 41 42 5A BB 41 00 C0 B9 41 07 A9 C0 41 BE A5 B8 41 69 4C AD C0 66 E6 04 43 00 00 00 00 00 00 00 00 00 00 00 00 C9 26 17 42 00 00 00 00 C9 26 17 42 00 00 00 00 00 00 00 00 00 00 00 00 00 00 00 37 01 00 00 00 00 00 00 00 00 12 00 00 00 8D BA
AA 55 A4 70 1B 42 28 29 B0 36 00 00 00 00 B0 0F 21 35 00 00 00 00 B4 FE 96 36 78 58 BB 36 78 58 BB 36 06 19 C1 41 07 E9 C0 41 83 B4 BD 41 07 69 C0 41 00 00 BA 41 83 34 BD 41 7D CB B6 41 33 43 C2 41 00 40 BA 41 D3 61 AD C0 66 E6 04 43 00 00 00 00 00 00 00 00 00 00 00 00 C9 26 17 42 00 00 00 00 C9 26 17 42 00 00 00 00 00 00 00 00 00 00 00 00 00 00 00 37 01 00 00 00 00 00 00 00 00 12 00 00 00 17 0E
AA 55 1E 85 1B 42 28 29 B0 36 00 00 00 00 B0 0F 21 35 00 00 00 00 B4 FE 96 36 78 58 BB 36 78 58 BB 36 7E 08 C1 41 C5 4E BF 41 00 80 BA 41 33 83 C2 41 00 80 BA 41 42 9A BB 41 BE 65 B8 41 33 83 C2 41 00 80 BA 41 3C 77 AD C0 66 E6 04 43 00 00 00 00 00 00 00 00 00 00 00 00 C9 26 17 42 00 00 00 00 C9 26 17 42 00 00 00 00 00 00 00 00 00 00 00 00 00 00 00 37 01 00 00 00 00 00 00 00 00 12 00 00 00 60 4B
AA 55 99 99 1B 42 28 29 B0 36 00 00 00 00 B0 0F 21 35 00 00 00 00 B4 FE 96 36 78 58 BB 36 78 58 BB 36 F6 F7 C0 41 33 83 C2 41 42 1A BC 41 33 D3 C3 41 42 DA BB 41 00 C0 B9 41 00 C0 B9 41 33 83 C2 41 00 80 BA 41 69 4C AD C0 66 E6 04 43 00 00 00 00 00 00 00 00 00 00 00 00 C9 26 17 42 00 00 00 00 C9 26 17 42 00 00 00 00 00 00 00 00 00 00 00 00 00 00 00 37 01 00 00 00 00 00 00 00 00 12 00 00 00 97 25
AA 55 14 AE 1B 42 28 29 B0 36 00 00 00 00 B0 0F 21 35 00 00 00 00 B4 FE 96 36 78 58 BB 36 78 58 BB 36 06 19 C1 41 07 E9 C0 41 00 80 BA 41 07 A9 C0 41 83 74 BD 41 42 9A BB 41 00 00 BA 41 33 13 C4 41 42 1A BC 41 69 4C AD C0 66 E6 04 43 00 00 00 00 00 00 00 00 00 00 00 00 C9 26 17 42 00 00 00 00 C9 26 17 42 00 00 00 00 00 00 00 00 00 00 00 00 00 00 00 37 01 00 00 00 00 00 00 00 00 12 00 00 00 12 C4
AA 55 8F C2 1B 42 28 29 B0 36 00 00 00 00 B0 0F 21 35 00 00 00 00 B4 FE 96 36 78 58 BB 36 78 58 BB 36 7E 08 C1 41 33 83 C2 41 00 80 BA 41 33 D3 C3 41 83 74 BD 41 00 C0 B9 41 BE 25 B8 41 33 83 C2 41 00 80 BA 41 00 37 AD C0 66 E6 04 43 00 00 00 00 00 00 00 00 00 00 00 00 C9 26 17 42 00 00 00 00 C9 26 17 42 00 00 00 00 00 00 00 00 00 00 00 00 00 00 00 37 01 00 00 00 00 00 00 00 00 12 00 00 00 04 AF
AA 55 0A D7 1B 42 28 29 B0 36 00 00 00 00 B0 0F 21 35 00 00 00 00 B4 FE 96 36 78 58 BB 36 78 58 BB 36 8E 29 C1 41 83 B4 BD 41 00 80 BA 41 33 D3 C3 41 42 DA BB 41 42 5A BB 41 7D 8B B6 41 33 43 C2 41 00 40 BA 41 D3 61 AD C0 66 E6 04 43 00 00 00 00 00 00 00 00 00 00 00 00 C9 26 17 42 00 00 00 00 C9 26 17 42 00 00 00 00 00 00 00 00 00 00 00 00 00 00 00 37 01 00 00 00 00 00 00 00 00 12 00 00 00 F8 61
AA 55 85 EB 1B 42 28 29 B0 36 00 00 00 00 B0 0F 21 35 00 00 00 00 B4 FE 96 36 78 58 BB 36 78 58 BB 36 F6 F7 C0 41 07 E9 C0 41 BE E5 B8 41 07 A9 C0 41 00 40 BA 41 7D 8B B6 41 BE 25 B8 41 07 E9 C0 41 00 80 BA 41 D3 61 AD C0 66 E6 04 43 00 00 00 00 00 00 00 00 00 00 00 00 C9 26 17 42 00 00 00 00 C9 26 17 42 00 00 00 00 00 00 00 00 00 00 00 00 00 00 00 37 01 00 00 00 00 00 00 00 00 12 00 00 00 36 A5
AA 55 00 00 1C 42 28 29 B0 36 00 00 00 00 B0 0F 21 35 00 00 00 00 B4 FE 96 36 78 58 BB 36 78 58 BB 36 F6 F7 C0 41 C5 4E BF 41 BE E5 B8 41 33 43 C2 41 42 DA BB 41 42 5A BB 41 00 C0 B9 41 33 83 C2 41 42 1A BC 41 97 21 AD C0 66 E6 04 43 00 00 00 00 00 00 00 00 00 00 00 00 C9 26 17 42 00 00 00 00 C9 26 17 42 00 00 00 00 00 00 00 00 00 00 00 00 00 00 00 37 01 00 00 00 00 00 00 00 00 12 00 00 00 33 6B
AA 55 7B 14 1C 42 28 29 B0 36 00 00 00 00 B0 0F 21 35 00 00 00 00 B4 FE 96 36 78 58 BB 36 78 58 BB 36 8E 29 C1 41 C5 4E BF 41 42 1A BC 41 33 D3 C3 41 83 74 BD 41 00 00 BA 41 7D CB B6 41 07 A9 C0 41 00 40 BA 41 69 4C AD C0 66 E6 04 43 00 00 00 00 00 00 00 00 00 00 00 00 C9 26 17 42 00 00 00 00 C9 26 17 42 00 00 00 00 00 00 00 00 00 00 00 00 00 00 00 37 01 00 00 00 00 00 00 00 00 12 00 00 00 AA AD
AA 55 F6 28 1C 42 28 29 B0 36 00 00 00 00 B0 0F 21 35 00 00 00 00 B4 FE 96 36 78 58 BB 36 78 58 BB 36 7E 08 C1 41 C5 8E BF 41 42 5A BC 41 33 83 C2 41 83 B4 BD 41 00 00 BA 41 BE 65 B8 41 07 E9 C0 41 42 1A BC 41 00 37 AD C0 66 E6 04 43 00 00 00 00 00 00 00 00 00 00 00 00 C9 26 17 42 00 00 00 00 C9 26 17 42 00 00 00 00 00 00 00 00 00 00 00 00 00 00 00 37 01 00 00 00 00 00 00 00 00 12 00 00 00 EA 29
AA 55 70 3D 1C 42 28 29 B0 36 00 00 00 00 B0 0F 21 35 00 00 00 00 B4 FE 96 36 78 58 BB 36 78 58 BB 36 06 19 C1 41 C5 8E BF 41 00 C0 BA 41 C5 4E BF 41 42 1A BC 41 BE 25 B8 41 BE 25 B8 41 33 83 C2 41 00 80 BA 41 3C 77 AD C0 66 E6 04 43 00 00 00 00 00 00 00 00 00 00 00 00 C9 26 17 42 00 00 00 00 C9 26 17 42 00 00 00 00 00 00 00 00 00 00 00 00 00 00 00 37 01 00 00 00 00 00 00 00 00 12 00 00 00 7D 9F
AA 55 EB 51 1C 42 28 29 B0 36 00 00 00 00 B0 0F 21 35 00 00 00 00 B4 FE 96 36 78 58 BB 36 78 58 BB 36 06 19 C1 41 07 E9 C0 41 BE E5 B8 41 33 83 C2 41 42 1A BC 41 00 00 BA 41 7D CB B6 41 33 13 C4 41 83 B4 BD 41 69 4C AD C0 66 E6 04 43 00 00 00 00 00 00 00 00 00 00 00 00 C9 26 17 42 00 00 00 00 C9 26 17 42 00 00 00 00 00 00 00 00 00 00 00 00 00 00 00 37 01 00 00 00 00 00 00 00 00 12 00 00 00 D5 92
AA 55 66 66 1C 42 28 29 B0 36 00 00 00 00 B0 0F 21 35 00 00 00 00 B4 FE 96 36 78 58 BB 36 78 58 BB 36 06 19 C1 41 C5 4E BF 41 42 1A BC 41 33 D3 C3 41 42 DA BB 41 42 9A BB 41 00 00 BA 41 07 E9 C0 41 83 B4 BD 41 69 4C AD C0 66 E6 04 43 00 00 00 00 00 00 00 00 00 00 00 00 C9 26 17 42 00 00 00 00 C9 26 17 42 00 00 00 00 00 00 00 00 00 00 00 00 00 00 00 37 01 00 00 00 00 00 00 00 00 12 00 00 00 7C 4D
AA 55 E1 7A 1C 42 28 29 B0 36 00 00 00 00 B0 0F 21 35 00 00 00 00 B4 FE 96 36 78 58 BB 36 78 58 BB 36 8E 29 C1 41 07 E9 C0 41 00 80 BA 41 33 43 C2 41 42 DA BB 41 42 5A BB 41 BE 25 B8 41 07 E9 C0 41 00 80 BA 41 69 4C AD C0 66 E6 04 43 00 00 00 00 00 00 00 00 00 00 00 00 C9 26 17 42 00 00 00 00 C9 26 17 42 00 00 00 00 00 00 00 00 00 00 00 00 00 00 00 37 01 00 00 00 00 00 00 00 00 12 00 00 00 73 8D
AA 55 5C 8F 1C 42 28 29 B0 36 00 00 00 00 B0 0F 21 35 00 00 00 00 B4 FE 96 36 78 58 BB 36 78 58 BB 36 06 19 C1 41 07 E9 C0 41 BE E5 B8 41 33 D3 C3 41 42 DA BB 41 83 34 BD 41 00 00 BA 41 33 43 C2 41 00 40 BA 41 A5 8C AD C0 66 E6 04 43 00 00 00 00 00 00 00 00 00 00 00 00 C9 26 17 42 00 00 00 00 C9 26 17 42 00 00 00 00 00 00 00 00 00 00 00 00 00 00 00 37 01 00 00 00 00 00 00 00 00 12 00 00 00 B6 BD
AA 55 D7 A3 1C 42 28 29 B0 36 00 00 00 00 B0 0F 21 35 00 00 00 00 B4 FE 96 36 78 58 BB 36 78 58 BB 36 06 19 C1 41 C5 8E BF 41 00 C0 BA 41 33 D3 C3 41 42 DA BB 41 00 00 BA 41 00 00 BA 41 33 13 C4 41 42 1A BC 41 00 37 AD C0 66 E6 04 43 00 00 00 00 00 00 00 00 00 00 00 00 C9 26 17 42 00 00 00 00 C9 26 17 42 00 00 00 00 00 00 00 00 00 00 00 00 00 00 00 37 01 00 00 00 00 00 00 00 00 12 00 00 00 9C 72
AA 55 52 B8 1C 42 28 29 B0 36 00 00 00 00 B0 0F 21 35 00 00 00 00 B4 FE 96 36 78 58 BB 36 78 58 BB 36 F6 F7 C0 41 83 B4 BD 41 00 80 BA 41 33 43 C2 41 42 DA BB 41 42 5A BB 41 3B F1 B4 41 07 A9 C0 41 00 40 BA 41 00 37 AD C0 66 E6 04 43 00 00 00 00 00 00 00 00 00 00 00 00 C9 26 17 42 00 00 00 00 C9 26 17 42 00 00 00 00 00 00 00 00 00 00 00 00 00 00 00 37 01 00 00 00 00 00 00 00 00 12 00 00 00 E5 BD
AA 55 CD CC 1C 42 28 29 B0 36 00 00 00 00 B0 0F 21 35 00 00 00 00 B4 FE 96 36 78 58 BB 36 78 58 BB 36 06 19 C1 41 07 E9 C0 41 42 1A BC 41 07 A9 C0 41 83 74 BD 41 00 80 B9 41 00 80 B9 41 33 D3 C3 41 42 DA BB 41 69 4C AD C0 66 E6 04 43 00 00 00 00 00 00 00 00 00 00 00 00 C9 26 17 42 00 00 00 00 C9 26 17 42 00 00 00 00 00 00 00 00 00 00 00 00 00 00 00 37 01 00 00 00 00 00 00 00 00 12 00 00 00 23 8B
AA 55 47 E1 1C 42 28 29 B0 36 00 00 00 00 B0 0F 21 35 00 00 00 00 B4 FE 96 36 78 58 BB 36 78 58 BB 36 7E 08 C1 41 C5 4E BF 41 00 80 BA 41 33 43 C2 41 00 40 BA 41 42 5A BB 41 00 C0 B9 41 33 13 C4 41 BE E5 B8 41 97 21 AD C0 66 E6 04 43 00 00 00 00 00 00 00 00 00 00 00 00 C9 26 17 42 00 00 00 00 C9 26 17 42 00 00 00 00 00 00 00 00 00 00 00 00 00 00 00 37 01 00 00 00 00 00 00 00 00 12 00 00 00 42 34
AA 55 C2 F5 1C 42 28 29 B0 36 00 00 00 00 B0 0F 21 35 00 00 00 00 B4 FE 96 36 78 58 BB 36 78 58 BB 36 8E 29 C1 41 C5 4E BF 41 00 80 BA 41 33 43 C2 41 42 DA BB 41 42 9A BB 41 3B 31 B5 41 33 D3 C3 41 42 DA BB 41 D3 61 AD C0 66 E6 04 43 00 00 00 00 00 00 00 00 00 00 00 00 C9 26 17 42 00 00 00 00 C9 26 17 42 00 00 00 00 00 00 00 00 00 00 00 00 00 00 00 37 01 00 00 00 00 00 00 00 00 12 00 00 00 D4 D5
AA 55 3D 0A 1D 42 28 29 B0 36 00 00 00 00 B0 0F 21 35 00 00 00 00 B4 FE 96 36 78 58 BB 36 78 58 BB 36 06 19 C1 41 C5 4E BF 41 00 80 BA 41 33 13 C4 41 42 1A BC 41 00 C0 B9 41 BE 25 B8 41 07 E9 C0 41 00 80 BA 41 D3 61 AD C0 66 E6 04 43 00 00 00 00 00 00 00 00 00 00 00 00 C9 26 17 42 00 00 00 00 C9 26 17 42 00 00 00 00 00 00 00 00 00 00 00 00 00 00 00 37 01 00 00 00 00 00 00 00 00 12 00 00 00 EF 3E
AA 55 B8 1E 1D 42 28 29 B0 36 00 00 00 00 B0 0F 21 35 00 00 00 00 B4 FE 96 36 78 58 BB 36 78 58 BB 36 8E 29 C1 41 83 B4 BD 41 42 1A BC 41 33 43 C2 41 BE A5 B8 41 00 C0 B9 41 00 C0 B9 41 07 E9 C0 41 C5 4E BF 41 00 37 AD C0 66 E6 04 43 00 00 00 00 00 00 00 00 00 00 00 00 C9 26 17 42 00 00 00 00 C9 26 17 42 00 00 00 00 00 00 00 00 00 00 00 00 00 00 00 37 01 00 00 00 00 00 00 00 00 12 00 00 00 2B E3
AA 55 33 33 1D 42 28 29 B0 36 00 00 00 00 B0 0F 21 35 00 00 00 00 B4 FE 96 36 78 58 BB 36 78 58 BB 36 F6 F7 C0 41 07 E9 C0 41 00 80 BA 41 33 43 C2 41 00 40 BA 41 42 5A BB 41 BE 25 B8 41 07 E9 C0 41 00 80 BA 41 00 37 AD C0 66 E6 04 43 00 00 00 00 00 00 00 00 00 00 00 00 C9 26 17 42 00 00 00 00 C9 26 17 42 00 00 00 00 00 00 00 00 00 00 00 00 00 00 00 37 01 00 00 00 00 00 00 00 00 12 00 00 00 E9 99
AA 55 AE 47 1D 42 28 29 B0 36 00 00 00 00 B0 0F 21 35 00 00 00 00 B4 FE 96 36 78 58 BB 36 78 58 BB 36 7E 08 C1 41 C5 4E BF 41 00 80 BA 41 07 A9 C0 41 00 40 BA 41 83 34 BD 41 3B 31 B5 41 07 E9 C0 41 00 80 BA 41 D3 61 AD C0 66 E6 04 43 00 00 00 00 00 00 00 00 00 00 00 00 C9 26 17 42 00 00 00 00 C9 26 17 42 00 00 00 00 00 00 00 00 00 00 00 00 00 00 00 37 01 00 00 00 00 00 00 00 00 12 00 00 00 BC D3
AA 55 29 5C 1D 42 28 29 B0 36 00 00 00 00 B0 0F 21 35 00 00 00 00 B4 FE 96 36 78 58 BB 36 78 58 BB 36 06 19 C1 41 33 53 C4 41 00 C0 BA 41 33 43 C2 41 42 DA BB 41 42 9A BB 41 BE 65 B8 41 33 43 C2 41 C5 0E BF 41 00 37 AD C0 66 E6 04 43 00 00 00 00 00 00 00 00 00 00 00 00 C9 26 17 42 00 00 00 00 C9 26 17 42 00 00 00 00 00 00 00 00 00 00 00 00 00 00 00 37 01 00 00 00 00 00 00 00 00 12 00 00 00 E0 3C
AA 55 A4 70 1D 42 28 29 B0 36 00 00 00 00 B0 0F 21 35 00 00 00 00 B4 FE 96 36 78 58 BB 36 78 58 BB 36 6E E7 C0 41 83 B4 BD 41 00 80 BA 41 33 13 C4 41 00 80 BA 41 83 F4 BC 41 BE 25 B8 41 C5 4E BF 41 42 1A BC 41 69 4C AD C0 66 E6 04 43 00 00 00 00 00 00 00 00 00 00 00 00 C9 26 17 42 00 00 00 00 C9 26 17 42 00 00 00 00 00 00 00 00 00 00 00 00 00 00 00 37 01 00 00 00 00 00 00 00 00 12 00 00 00 93 AA
AA 55 1E 85 1D 42 28 29 B0 36 00 00 00 00 B0 0F 21 35 00 00 00 00 B4 FE 96 36 78 58 BB 36 78 58 BB 36 7E 08 C1 41 07 29 C1 41 42 5A BC 41 07 A9 C0 41 00 40 BA 41 42 9A BB 41 BE 65 B8 41 07 A9 C0 41 7D 0B B7 41 D3 61 AD C0 66 E6 04 43 00 00 00 00 00 00 00 00 00 00 00 00 C9 26 17 42 00 00 00 00 C9 26 17 42 00 00 00 00 00 00 00 00 00 00 00 00 00 00 00 37 01 00 00 00 00 00 00 00 00 12 00 00 00 9B 0D
AA 55 99 99 1D 42 28 29 B0 36 00 00 00 00 B0 0F 21 35 00 00 00 00 B4 FE 96 36 78 58 BB 36 78 58 BB 36 7E 08 C1 41 07 E9 C0 41 00 80 BA 41 07 A9 C0 41 42 DA BB 41 42 5A BB 41 BE 25 B8 41 07 E9 C0 41 42 1A BC 41 3C 77 AD C0 66 E6 04 43 00 00 00 00 00 00 00 00 00 00 00 00 C9 26 17 42 00 00 00 00 C9 26 17 42 00 00 00 00 00 00 00 00 00 00 00 00 00 00 00 37 01 00 00 00 00 00 00 00 00 12 00 00 00 42 DA
AA 55 14 AE 1D 42 28 29 B0 36 00 00 00 00 B0 0F 21 35 00 00 00 00 B4 FE 96 36 78 58 BB 36 78 58 BB 36 7E 08 C1 41 C5 4E BF 41 42 1A BC 41 33 F3 C6 41 83 74 BD 41 42 5A BB 41 BE 25 B8 41 07 E9 C0 41 00 80 BA 41 D3 61 AD C0 66 E6 04 43 00 00 00 00 00 00 00 00 00 00 00 00 C9 26 17 42 00 00 00 00 C9 26 17 42 00 00 00 00 00 00 00 00 00 00 00 00 00 00 00 37 01 00 00 00 00 00 00 00 00 12 00 00 00 8F D6
AA 55 8F C2 1D 42 28 29 B0 36 00 00 00 00 B0 0F 21 35 00 00 00 00 B4 FE 96 36 78 58 BB 36 78 58 BB 36 06 19 C1 41 83 B4 BD 41 BE E5 B8 41 07 A9 C0 41 42 DA BB 41 42 9A BB 41 BE 65 B8 41 07 E9 C0 41 00 80 BA 41 00 37 AD C0 66 E6 04 43 00 00 00 00 00 00 00 00 00 00 00 00 C9 26 17 42 00 00 00 00 C9 26 17 42 00 00 00 00 00 00 00 00 00 00 00 00 00 00 00 37 01 00 00 00 00 00 00 00 00 12 00 00 00 9A A7
AA 55 0A D7 1D 42 28 29 B0 36 00 00 00 00 B0 0F 21 35 00 00 00 00 B4 FE 96 36 78 58 BB 36 78 58 BB 36 F6 F7 C0 41 07 E9 C0 41 00 80 BA 41 33 43 C2 41 83 74 BD 41 C5 8E BE 41 BE 25 B8 41 07 A9 C0 41 42 DA BB 41 69 4C AD C0 66 E6 04 43 00 00 00 00 00 00 00 00 00 00 00 00 C9 26 17 42 00 00 00 00 C9 26 17 42 00 00 00 00 00 00 00 00 00 00 00 00 00 00 00 37 01 00 00 00 00 00 00 00 00 12 00 00 00 DF 0D
AA 55 85 EB 1D 42 28 29 B0 36 00 00 00 00 B0 0F 21 35 00 00 00 00 B4 FE 96 36 78 58 BB 36 78 58 BB 36 06 19 C1 41 C5 4E BF 41 42 1A BC 41 C5 0E BF 41 42 DA BB 41 00 C0 B9 41 00 C0 B9 41 07 A9 C0 41 83 74 BD 41 00 37 AD C0 66 E6 04 43 00 00 00 00 00 00 00 00 00 00 00 00 C9 26 17 42 00 00 00 00 C9 26 17 42 00 00 00 00 00 00 00 00 00 00 00 00 00 00 00 37 01 00 00 00 00 00 00 00 00 12 00 00 00 88 FC
AA 55 00 00 1E 42 28 29 B0 36 00 00 00 00 B0 0F 21 35 00 00 00 00 B4 FE 96 36 78 58 BB 36 78 58 BB 36 F6 F7 C0 41 C5 4E BF 41 00 80 BA 41 33 43 C2 41 00 40 BA 41 00 C0 B9 41 7D 8B B6 41 C5 0E BF 41 00 40 BA 41 69 4C AD C0 66 E6 04 43 00 00 00 00 00 00 00 00 00 00 00 00 C9 26 17 42 00 00 00 00 C9 26 17 42 00 00 00 00 00 00 00 00 00 00 00 00 00 00 00 37 01 00 00 00 00 00 00 00 00 12 00 00 00 35 DC
AA 55 7B 14 1E 42 28 29 B0 36 00 00 00 00 B0 0F 21 35 00 00 00 00 B4 FE 96 36 78 58 BB 36 78 58 BB 36 F6 F7 C0 41 C5 4E BF 41 00 80 BA 41 33 43 C2 41 42 DA BB 41 00 C0 B9 41 7D 8B B6 41 33 83 C2 41 42 1A BC 41 D3 61 AD C0 66 E6 04 43 00 00 00 00 00 00 00 00 00 00 00 00 C9 26 17 42 00 00 00 00 C9 26 17 42 00 00 00 00 00 00 00 00 00 00 00 00 00 00 00 37 01 00 00 00 00 00 00 00 00 12 00 00 00 EE 94
AA 55 F6 28 1E 42 28 29 B0 36 00 00 00 00 B0 0F 21 35 00 00 00 00 B4 FE 96 36 78 58 BB 36 78 58 BB 36 8E 29 C1 41 07 E9 C0 41 7D 4B B7 41 33 43 C2 41 42 DA BB 41 00 00 BA 41 00 00 BA 41 33 83 C2 41 83 B4 BD 41 3C 77 AD C0 66 E6 04 43 00 00 00 00 00 00 00 00 00 00 00 00 C9 26 17 42 00 00 00 00 C9 26 17 42 00 00 00 00 00 00 00 00 00 00 00 00 00 00 00 37 01 00 00 00 00 00 00 00 00 12 00 00 00 02 E0
AA 55 70 3D 1E 42 28 29 B0 36 00 00 00 00 B0 0F 21 35 00 00 00 00 B4 FE 96 36 78 58 BB 36 78 58 BB 36 8E 29 C1 41 C5 4E BF 41 42 1A BC 41 33 63 C5 41 83 74 BD 41 42 5A BB 41 00 C0 B9 41 33 A3 C5 41 42 1A BC 41 00 37 AD C0 66 E6 04 43 00 00 00 00 00 00 00 00 00 00 00 00 C9 26 17 42 00 00 00 00 C9 26 17 42 00 00 00 00 00 00 00 00 00 00 00 00 00 00 00 37 01 00 00 00 00 00 00 00 00 12 00 00 00 E0 A7
AA 55 EB 51 1E 42 28 29 B0 36 00 00 00 00 B0 0F 21 35 00 00 00 00 B4 FE 96 36 78 58 BB 36 78 58 BB 36 7E 08 C1 41 07 E9 C0 41 7D 4B B7 41 07 A9 C0 41 42 DA BB 41 42 5A BB 41 BE 25 B8 41 33 83 C2 41 00 80 BA 41 97 21 AD C0 66 E6 04 43 00 00 00 00 00 00 00 00 00 00 00 00 C9 26 17 42 00 00 00 00 C9 26 17 42 00 00 00 00 00 00 00 00 00 00 00 00 00 00 00 37 01 00 00 00 00 00 00 00 00 12 00 00 00 F7 6A
AA 55 66 66 1E 42 28 29 B0 36 00 00 00 00 B0 0F 21 35 00 00 00 00 B4 FE 96 36 78 58 BB 36 78 58 BB 36 8E 29 C1 41 C5 4E BF 41 42 1A BC 41 33 D3 C3 41 42 DA BB 41 42 9A BB 41 7D CB B6 41 07 E9 C0 41 C5 4E BF 41 00 37 AD C0 66 E6 04 43 00 00 00 00 00 00 00 00 00 00 00 00 C9 26 17 42 00 00 00 00 C9 26 17 42 00 00 00 00 00 00 00 00 00 00 00 00 00 00 00 37 01 00 00 00 00 00 00 00 00 12 00 00 00 78 E3
AA 55 E1 7A 1E 42 28 29 B0 36 00 00 00 00 B0 0F 21 35 00 00 00 00 B4 FE 96 36 78 58 BB 36 78 58 BB 36 8E 29 C1 41 07 E9 C0 41 00 80 BA 41 33 83 C2 41 42 1A BC 41 00 00 BA 41 42 9A BB 41 33 13 C4 41 00 80 BA 41 D3 61 AD C0 66 E6 04 43 00 00 00 00 00 00 00 00 00 00 00 00 C9 26 17 42 00 00 00 00 C9 26 17 42 00 00 00 00 00 00 00 00 00 00 00 00 00 00 00 37 01 00 00 00 00 00 00 00 00 12 00 00 00 14 7D
AA 55 5C 8F 1E 42 28 29 B0 36 00 00 00 00 B0 0F 21 35 00 00 00 00 B4 FE 96 36 78 58 BB 36 78 58 BB 36 7E 08 C1 41 C5 4E BF 41 83 B4 BD 41 33 D3 C3 41 42 DA BB 41 42 9A BB 41 7D CB B6 41 33 13 C4 41 42 1A BC 41 3C 77 AD C0 66 E6 04 43 00 00 00 00 00 00 00 00 00 00 00 00 C9 26 17 42 00 00 00 00 C9 26 17 42 00 00 00 00 00 00 00 00 00 00 00 00 00 00 00 37 01 00 00 00 00 00 00 00 00 12 00 00 00 54 0F
AA 55 D7 A3 1E 42 28 29 B0 36 00 00 00 00 B0 0F 21 35 00 00 00 00 B4 FE 96 36 78 58 BB 36 78 58 BB 36 7E 08 C1 41 33 83 C2 41 00 80 BA 41 33 33 C7 41 00 80 BA 41 00 C0 B9 41 00 C0 B9 41 07 E9 C0 41 42 1A BC 41 69 4C AD C0 66 E6 04 43 00 00 00 00 00 00 00 00 00 00 00 00 C9 26 17 42 00 00 00 00 C9 26 17 42 00 00 00 00 00 00 00 00 00 00 00 00 00 00 00 37 01 00 00 00 00 00 00 00 00 12 00 00 00 15 89
AA 55 52 B8 1E 42 28 29 B0 36 00 00 00 00 B0 0F 21 35 00 00 00 00 B4 FE 96 36 78 58 BB 36 78 58 BB 36 7E 08 C1 41 C5 4E BF 41 BE E5 B8 41 33 D3 C3 41 00 40 BA 41 BE 65 B8 41 BE 65 B8 41 C5 0E BF 41 83 74 BD 41 D3 61 AD C0 66 E6 04 43 00 00 00 00 00 00 00 00 00 00 00 00 C9 26 17 42 00 00 00 00 C9 26 17 42 00 00 00 00 00 00 00 00 00 00 00 00 00 00 00 37 01 00 00 00 00 00 00 00 00 12 00 00 00 3E F0
AA 55 CD CC 1E 42 28 29 B0 36 00 00 00 00 B0 0F 21 35 00 00 00 00 B4 FE 96 36 78 58 BB 36 78 58 BB 36 7E 08 C1 41 83 B4 BD 41 00 80 BA 41 07 A9 C0 41 00 40 BA 41 00 C0 B9 41 7D 8B B6 41 33 13 C4 41 42 1A BC 41 69 4C AD C0 66 E6 04 43 00 00 00 00 00 00 00 00 00 00 00 00 C9 26 17 42 00 00 00 00 C9 26 17 42 00 00 00 00 00 00 00 00 00 00 00 00 00 00 00 37 01 00 00 00 00 00 00 00 00 12 00 00 00 4A 1F
AA 55 47 E1 1E 42 28 29 B0 36 00 00 00 00 B0 0F 21 35 00 00 00 00 B4 FE 96 36 78 58 BB 36 78 58 BB 36 6E E7 C0 41 33 83 C2 41 42 1A BC 41 33 43 C2 41 00 40 BA 41 42 5A BB 41 BE 25 B8 41 33 13 C4 41 00 80 BA 41 D3 61 AD C0 66 E6 04 43 00 00 00 00 00 00 00 00 00 00 00 00 C9 26 17 42 00 00 00 00 C9 26 17 42 00 00 00 00 00 00 00 00 00 00 00 00 00 00 00 37 01 00 00 00 00 00 00 00 00 12 00 00 00 D5 2A
AA 55 C2 F5 1E 42 28 29 B0 36 00 00 00 00 B0 0F 21 35 00 00 00 00 B4 FE 96 36 78 58 BB 36 78 58 BB 36 06 19 C1 41 33 83 C2 41 42 1A BC 41 33 D3 C3 41 00 40 BA 41 42 9A BB 41 42 9A BB 41 33 D3 C3 41 83 74 BD 41 A5 8C AD C0 66 E6 04 43 00 00 00 00 00 00 00 00 00 00 00 00 C9 26 17 42 00 00 00 00 C9 26 17 42 00 00 00 00 00 00 00 00 00 00 00 00 00 00 00 37 01 00 00 00 00 00 00 00 00 12 00 00 00 A1 6F
AA 55 3D 0A 1F 42 28 29 B0 36 00 00 00 00 B0 0F 21 35 00 00 00 00 B4 FE 96 36 78 58 BB 36 78 58 BB 36 F6 F7 C0 41 83 B4 BD 41 83 B4 BD 41 33 D3 C3 41 42 DA BB 41 83 34 BD 41 42 9A BB 41 33 43 C2 41 83 74 BD 41 69 4C AD C0 66 E6 04 43 00 00 00 00 00 00 00 00 00 00 00 00 C9 26 17 42 00 00 00 00 C9 26 17 42 00 00 00 00 00 00 00 00 00 00 00 00 00 00 00 37 01 00 00 00 00 00 00 00 00 12 00 00 00 F9 61
AA 55 B8 1E 1F 42 28 29 B0 36 00 00 00 00 B0 0F 21 35 00 00 00 00 B4 FE 96 36 78 58 BB 36 78 58 BB 36 F6 F7 C0 41 07 E9 C0 41 42 1A BC 41 33 43 C2 41 42 DA BB 41 00 00 BA 41 BE 65 B8 41 C5 4E BF 41 83 B4 BD 41 D3 61 AD C0 66 E6 04 43 00 00 00 00 00 00 00 00 00 00 00 00 C9 26 17 42 00 00 00 00 C9 26 17 42 00 00 00 00 00 00 00 00 00 00 00 00 00 00 00 37 01 00 00 00 00 00 00 00 00 12 00 00 00 7D CC
AA 55 33 33 1F 42 28 29 B0 36 00 00 00 00 B0 0F 21 35 00 00 00 00 B4 FE 96 36 78 58 BB 36 78 58 BB 36 7E 08 C1 41 33 83 C2 41 00 80 BA 41 33 43 C2 41 83 74 BD 41 83 F4 BC 41 BE 25 B8 41 07 E9 C0 41 00 80 BA 41 D3 61 AD C0 66 E6 04 43 00 00 00 00 00 00 00 00 00 00 00 00 C9 26 17 42 00 00 00 00 C9 26 17 42 00 00 00 00 00 00 00 00 00 00 00 00 00 00 00 37 01 00 00 00 00 00 00 00 00 12 00 00 00 1D 39
AA 55 AE 47 1F 42 28 29 B0 36 00 00 00 00 B0 0F 21 35 00 00 00 00 B4 FE 96 36 78 58 BB 36 78 58 BB 36 16 3A C1 41 07 E9 C0 41 00 80 BA 41 33 D3 C3 41 00 40 BA 41 42 9A BB 41 BE 65 B8 41 07 A9 C0 41 83 74 BD 41 69 4C AD C0 66 E6 04 43 00 00 00 00 00 00 00 00 00 00 00 00 C9 26 17 42 00 00 00 00 C9 26 17 42 00 00 00 00 00 00 00 00 00 00 00 00 00 00 00 37 01 00 00 00 00 00 00 00 00 12 00 00 00 6E 8C